7466

0 5937 10.97
5937 0 10.97
0 7024 4.908333333333333
7024 0 4.908333333333333
0 7271 10.843373493975903
7271 0 10.843373493975903
5937 2657 13.86
2657 5937 13.86
5937 4450 10.76
4450 5937 10.76
5937 4598 10.69
4598 5937 10.69
5937 7024 12.67
7024 5937 12.67
7024 330 13.91
330 7024 13.91
7024 2657 14.0
2657 7024 14.0
7024 4450 3.3166666666666664
4450 7024 3.3166666666666664
7024 6363 19.654
6363 7024 19.654
7271 7254 7.583333333333333
7254 7271 7.583333333333333
7271 7307 7.625
7307 7271 7.625
1 3272 4.875
3272 1 4.875
1 5122 11.78
5122 1 11.78
1 6306 7.583333333333333
6306 1 7.583333333333333
1 6908 5.25
6908 1 5.25
1 6990 11.164
6990 1 11.164
1 7421 8.349397590361447
7421 1 8.349397590361447
3272 62 4.783333333333333
62 3272 4.783333333333333
3272 2241 5.366666666666666
2241 3272 5.366666666666666
3272 4873 15.394
4873 3272 15.394
3272 6990 10.283333333333331
6990 3272 10.283333333333331
5122 1273 5.35
1273 5122 5.35
5122 2690 13.77
2690 5122 13.77
5122 3063 5.433333333333334
3063 5122 5.433333333333334
5122 6908 5.483333333333333
6908 5122 5.483333333333333
6306 2890 13.16
2890 6306 13.16
6306 3166 6.366666666666666
3166 6306 6.366666666666666
6306 4363 7.825
4363 6306 7.825
6306 6045 8.016666666666667
6045 6306 8.016666666666667
6306 6908 12.44
6908 6306 12.44
6306 6990 4.25
6990 6306 4.25
6908 1273 5.708333333333334
1273 6908 5.708333333333334
6908 3063 13.33
3063 6908 13.33
6908 7421 5.963855421686747
7421 6908 5.963855421686747
6990 2180 4.9
2180 6990 4.9
6990 2885 5.025
2885 6990 5.025
7421 7222 5.966666666666667
7222 7421 5.966666666666667
7421 7341 5.308333333333334
7341 7421 5.308333333333334
2 4445 14.331
4445 2 14.331
2 6048 19.939
6048 2 19.939
6048 3064 11.62
3064 6048 11.62
3 3623 13.13
3623 3 13.13
3 4416 11.04
4416 3 11.04
3623 4416 13.71
4416 3623 13.71
4416 1999 13.54
1999 4416 13.54
4 4220 7.199
4220 4 7.199
4 5429 5.416666666666667
5429 4 5.416666666666667
4 6285 4.324999999999999
6285 4 4.324999999999999
4220 356 4.6
356 4220 4.6
4220 1345 4.325
1345 4220 4.325
4220 1667 12.734
1667 4220 12.734
5429 2837 4.583333333333333
2837 5429 4.583333333333333
6285 4521 4.933333333333334
4521 6285 4.933333333333334
6285 4869 5.266666666666667
4869 6285 5.266666666666667
6285 7294 5.9397590361445785
7294 6285 5.9397590361445785
5 2233 3.975
2233 5 3.975
5 3255 8.097
3255 5 8.097
5 4382 12.0
4382 5 12.0
2233 1786 11.1
1786 2233 11.1
2233 2071 11.6
2071 2233 11.6
3255 542 6.533333333333333
542 3255 6.533333333333333
4382 2495 12.71
2495 4382 12.71
6 201 4.183333333333334
201 6 4.183333333333334
6 1179 8.416
1179 6 8.416
6 2085 5.541666666666667
2085 6 5.541666666666667
6 3874 10.46
3874 6 10.46
6 4985 5.206
4985 6 5.206
6 6651 5.615
6651 6 5.615
6 7005 15.823
7005 6 15.823
6 7396 8.204819277108435
7396 6 8.204819277108435
201 453 3.083333333333333
453 201 3.083333333333333
201 3657 4.383333333333334
3657 201 4.383333333333334
201 4119 11.05
4119 201 11.05
201 4985 3.6416666666666666
4985 201 3.6416666666666666
201 5054 8.09
5054 201 8.09
201 5095 4.8
5095 201 4.8
201 7396 4.024096385542169
7396 201 4.024096385542169
1179 6367 9.557
6367 1179 9.557
1179 7396 9.602409638554215
7396 1179 9.602409638554215
2085 3286 4.866666666666666
3286 2085 4.866666666666666
2085 3655 15.808
3655 2085 15.808
2085 3672 4.25
3672 2085 4.25
2085 3874 5.266666666666667
3874 2085 5.266666666666667
2085 4985 3.95
4985 2085 3.95
2085 5095 10.0
5095 2085 10.0
2085 7005 3.8333333333333335
7005 2085 3.8333333333333335
3874 666 5.3
666 3874 5.3
3874 3368 4.35
3368 3874 4.35
3874 3672 8.958333333333332
3672 3874 8.958333333333332
4985 453 3.566666666666667
453 4985 3.566666666666667
4985 5095 3.225
5095 4985 3.225
4985 7396 5.180722891566265
7396 4985 5.180722891566265
6651 2176 22.925
2176 6651 22.925
6651 5113 13.016
5113 6651 13.016
7005 3672 3.908333333333333
3672 7005 3.908333333333333
7005 5095 11.12
5095 7005 11.12
7005 7276 2.325301204819277
7276 7005 2.325301204819277
7396 453 7.433734939759036
453 7396 7.433734939759036
7396 2407 8.08433734939759
2407 7396 8.08433734939759
7396 3657 2.915662650602409
3657 7396 2.915662650602409
7396 4119 8.349397590361447
4119 7396 8.349397590361447
7396 4729 8.879518072289157
4729 7396 8.879518072289157
7396 5054 9.674698795180722
5054 7396 9.674698795180722
7396 6367 3.2048192771084336
6367 7396 3.2048192771084336
7396 6738 8.481927710843374
6738 7396 8.481927710843374
7396 7185 5.5
7185 7396 5.5
7396 7454 5.5
7454 7396 5.5
7 2604 21.239259259259256
2604 7 21.239259259259256
7 7125 7.25
7125 7 7.25
2604 420 13.728
420 2604 13.728
2604 1962 12.46
1962 2604 12.46
7125 262 4.483333333333333
262 7125 4.483333333333333
7125 1962 12.85
1962 7125 12.85
8 1218 3.319
1218 8 3.319
8 2795 18.643703703703704
2795 8 18.643703703703704
8 3376 19.69703703703704
3376 8 19.69703703703704
1218 897 5.775
897 1218 5.775
1218 2857 12.932
2857 1218 12.932
1218 2964 13.668
2964 1218 13.668
1218 6683 8.329
6683 1218 8.329
2795 904 19.743
904 2795 19.743
2795 3364 14.980333333333334
3364 2795 14.980333333333334
2795 3923 23.588
3923 2795 23.588
3376 213 10.61
213 3376 10.61
3376 2319 18.61703703703704
2319 3376 18.61703703703704
9 1380 7.8
1380 9 7.8
9 4167 4.066666666666666
4167 9 4.066666666666666
9 6904 7.563
6904 9 7.563
9 7387 5.409638554216867
7387 9 5.409638554216867
1380 538 4.041666666666666
538 1380 4.041666666666666
1380 3309 3.958333333333333
3309 1380 3.958333333333333
1380 7387 3.879518072289157
7387 1380 3.879518072289157
4167 4761 6.3
4761 4167 6.3
4167 5889 6.5
5889 4167 6.5
6904 271 5.776
271 6904 5.776
7387 6657 9.337349397590362
6657 7387 9.337349397590362
7387 7258 5.5
7258 7387 5.5
7387 7363 5.5
7363 7387 5.5
10 1969 10.6
1969 10 10.6
10 2520 11.17
2520 10 11.17
1969 5617 11.14
5617 1969 11.14
2520 4312 12.69
4312 2520 12.69
11 6959 11.616666666666667
6959 11 11.616666666666667
6959 2059 4.866666666666666
2059 6959 4.866666666666666
12 5028 10.54
5028 12 10.54
12 6354 11.07
6354 12 11.07
5028 3241 13.83
3241 5028 13.83
5028 5361 10.91
5361 5028 10.91
5028 6439 12.53
6439 5028 12.53
6354 5497 11.64
5497 6354 11.64
13 6966 21.634814814814813
6966 13 21.634814814814813
6966 5406 18.654814814814813
5406 6966 18.654814814814813
14 2049 10.45
2049 14 10.45
14 3181 4.642
3181 14 4.642
14 3352 4.866666666666666
3352 14 4.866666666666666
3181 6526 12.63
6526 3181 12.63
3352 2457 3.925
2457 3352 3.925
3352 3506 11.27
3506 3352 11.27
15 857 13.45
857 15 13.45
15 2496 3.408333333333333
2496 15 3.408333333333333
15 3379 4.2
3379 15 4.2
15 5723 3.6666666666666665
5723 15 3.6666666666666665
857 1462 13.54
1462 857 13.54
2496 1077 3.333333333333333
1077 2496 3.333333333333333
2496 5723 7.691666666666666
5723 2496 7.691666666666666
3379 2703 11.42
2703 3379 11.42
3379 3709 12.68
3709 3379 12.68
3379 4643 5.416666666666666
4643 3379 5.416666666666666
3379 5723 3.825
5723 3379 3.825
3379 6632 4.633333333333334
6632 3379 4.633333333333334
16 187 6.283333333333333
187 16 6.283333333333333
16 666 7.7
666 16 7.7
16 4397 13.03
4397 16 13.03
16 6615 9.0
6615 16 9.0
187 666 4.85
666 187 4.85
187 2685 3.966666666666667
2685 187 3.966666666666667
187 5117 5.6
5117 187 5.6
187 5616 13.73
5616 187 13.73
666 44 4.816666666666666
44 666 4.816666666666666
666 174 10.683333333333334
174 666 10.683333333333334
666 3368 10.891666666666666
3368 666 10.891666666666666
666 4397 3.533333333333333
4397 666 3.533333333333333
666 5347 10.58
5347 666 10.58
666 6615 10.133333333333333
6615 666 10.133333333333333
4397 44 3.5083333333333333
44 4397 3.5083333333333333
4397 3449 13.43
3449 4397 13.43
4397 3689 5.016666666666667
3689 4397 5.016666666666667
6615 2685 4.4
2685 6615 4.4
6615 2973 6.966666666666667
2973 6615 6.966666666666667
17 260 9.016666666666666
260 17 9.016666666666666
17 551 13.14
551 17 13.14
17 3290 12.89
3290 17 12.89
17 6905 7.566666666666666
6905 17 7.566666666666666
260 551 8.649999999999999
551 260 8.649999999999999
260 4006 4.025
4006 260 4.025
551 236 4.45
236 551 4.45
551 1118 13.575
1118 551 13.575
551 4006 5.533333333333333
4006 551 5.533333333333333
551 4326 11.325
4326 551 11.325
551 5508 13.09
5508 551 13.09
551 5682 12.99
5682 551 12.99
3290 1205 4.983333333333333
1205 3290 4.983333333333333
3290 4622 3.8333333333333335
4622 3290 3.8333333333333335
3290 5642 4.35
5642 3290 4.35
6905 5642 6.25
5642 6905 6.25
6905 6692 19.751
6692 6905 19.751
18 884 13.69
884 18 13.69
18 995 5.608333333333333
995 18 5.608333333333333
18 1278 5.183333333333334
1278 18 5.183333333333334
18 2368 9.708333333333332
2368 18 9.708333333333332
18 2452 4.416666666666667
2452 18 4.416666666666667
18 3273 10.06
3273 18 10.06
18 3357 6.016666666666667
3357 18 6.016666666666667
18 3378 9.216666666666669
3378 18 9.216666666666669
18 5126 5.383333333333334
5126 18 5.383333333333334
18 5503 5.191666666666666
5503 18 5.191666666666666
884 6450 13.87
6450 884 13.87
995 6361 4.775
6361 995 4.775
995 6428 10.283333333333331
6428 995 10.283333333333331
995 7452 9.72289156626506
7452 995 9.72289156626506
1278 1639 10.26
1639 1278 10.26
2368 2123 16.816666666666666
2123 2368 16.816666666666666
2368 2452 6.691666666666666
2452 2368 6.691666666666666
2368 3931 6.4
3931 2368 6.4
2368 6964 9.283333333333331
6964 2368 9.283333333333331
2368 7377 9.674698795180722
7377 2368 9.674698795180722
2452 6428 6.383333333333333
6428 2452 6.383333333333333
3273 3357 3.35
3357 3273 3.35
3273 5503 14.766666666666667
5503 3273 14.766666666666667
3273 5712 4.05
5712 3273 4.05
3357 575 11.583333333333332
575 3357 11.583333333333332
3357 677 43.88333333333333
677 3357 43.88333333333333
3357 925 6.1
925 3357 6.1
3357 2025 6.516666666666667
2025 3357 6.516666666666667
3357 2293 15.033333333333331
2293 3357 15.033333333333331
3357 3037 5.25
3037 3357 5.25
3357 3618 10.133333333333333
3618 3357 10.133333333333333
3357 3832 13.1
3832 3357 13.1
3357 3845 4.0
3845 3357 4.0
3357 4590 43.88333333333333
4590 3357 43.88333333333333
3357 4719 12.82
4719 3357 12.82
3357 5334 6.3
5334 3357 6.3
3357 5712 4.25
5712 3357 4.25
3378 1132 3.783333333333333
1132 3378 3.783333333333333
3378 2012 3.883333333333333
2012 3378 3.883333333333333
3378 2190 5.766666666666667
2190 3378 5.766666666666667
3378 2615 5.916666666666667
2615 3378 5.916666666666667
3378 3790 4.008333333333333
3790 3378 4.008333333333333
3378 6911 6.433333333333334
6911 3378 6.433333333333334
3378 7323 8.662650602409638
7323 3378 8.662650602409638
5126 1309 6.935
1309 5126 6.935
5126 7377 4.289156626506024
7377 5126 4.289156626506024
5503 764 7.916666666666667
764 5503 7.916666666666667
5503 1132 6.333333333333333
1132 5503 6.333333333333333
5503 1701 4.25
1701 5503 4.25
5503 1994 11.85
1994 5503 11.85
5503 2168 14.7479697847263
2168 5503 14.7479697847263
5503 5712 12.86
5712 5503 12.86
5503 6010 21.850351335412945
6010 5503 21.850351335412945
5503 7377 4.289156626506024
7377 5503 4.289156626506024
19 2972 4.666666666666667
2972 19 4.666666666666667
19 4349 3.55
4349 19 3.55
2972 5808 3.816666666666667
5808 2972 3.816666666666667
4349 2204 16.49
2204 4349 16.49
20 4997 13.16
4997 20 13.16
20 7017 13.86
7017 20 13.86
4997 5248 12.48
5248 4997 12.48
7017 6914 13.62
6914 7017 13.62
21 1263 15.566
1263 21 15.566
21 4178 13.430666666666667
4178 21 13.430666666666667
1263 867 19.55481481481481
867 1263 19.55481481481481
4178 525 15.417
525 4178 15.417
22 883 4.5
883 22 4.5
22 2888 5.633333333333333
2888 22 5.633333333333333
22 3595 3.966666666666667
3595 22 3.966666666666667
22 3920 4.65
3920 22 4.65
883 959 19.57
959 883 19.57
2888 890 4.433333333333334
890 2888 4.433333333333334
2888 1177 10.85
1177 2888 10.85
2888 1240 11.38
1240 2888 11.38
2888 3943 3.966666666666667
3943 2888 3.966666666666667
2888 5086 12.71
5086 2888 12.71
2888 5720 12.88
5720 2888 12.88
2888 5886 4.466666666666667
5886 2888 4.466666666666667
3595 3920 7.966666666666667
3920 3595 7.966666666666667
3595 3944 10.51
3944 3595 10.51
3595 5559 9.666666666666666
5559 3595 9.666666666666666
3920 1177 9.05
1177 3920 9.05
3920 1240 13.67
1240 3920 13.67
3920 1592 11.05
1592 3920 11.05
3920 6003 3.6833333333333336
6003 3920 3.6833333333333336
23 1129 11.333333333333334
1129 23 11.333333333333334
23 6756 18.966
6756 23 18.966
23 6776 5.8
6776 23 5.8
6756 129 10.323
129 6756 10.323
6756 4936 12.934
4936 6756 12.934
6756 6443 12.772
6443 6756 12.772
6776 2384 18.1765
2384 6776 18.1765
6776 4984 13.851
4984 6776 13.851
24 691 4.083333333333333
691 24 4.083333333333333
24 1150 12.27
1150 24 12.27
24 1690 3.9166666666666665
1690 24 3.9166666666666665
24 1919 3.3833333333333333
1919 24 3.3833333333333333
24 6552 9.494
6552 24 9.494
691 730 6.577
730 691 6.577
691 1690 13.92
1690 691 13.92
691 1919 12.58
1919 691 12.58
691 3679 5.975
3679 691 5.975
691 4527 12.22
4527 691 12.22
691 6552 11.2
6552 691 11.2
691 7381 9.373493975903614
7381 691 9.373493975903614
1150 1690 4.408333333333333
1690 1150 4.408333333333333
1150 3329 6.266666666666667
3329 1150 6.266666666666667
1690 745 11.683333333333334
745 1690 11.683333333333334
1690 784 10.24
784 1690 10.24
1690 1957 5.466666666666667
1957 1690 5.466666666666667
1690 2114 13.22
2114 1690 13.22
1690 2587 4.375
2587 1690 4.375
1690 5377 6.483333333333333
5377 1690 6.483333333333333
1690 5846 6.651
5846 1690 6.651
1919 739 6.332
739 1919 6.332
1919 2322 7.935
2322 1919 7.935
1919 6047 6.95
6047 1919 6.95
1919 6455 11.69
6455 1919 11.69
1919 6552 4.094
6552 1919 4.094
1919 7381 8.55421686746988
7381 1919 8.55421686746988
6552 6455 9.116
6455 6552 9.116
25 1145 5.158333333333333
1145 25 5.158333333333333
25 5854 6.225
5854 25 6.225
25 7348 2.3493975903614457
7348 25 2.3493975903614457
1145 4456 18.616666666666667
4456 1145 18.616666666666667
1145 5778 5.308333333333334
5778 1145 5.308333333333334
1145 7348 8.987951807228916
7348 1145 8.987951807228916
5854 343 6.992
343 5854 6.992
5854 3314 7.433333333333334
3314 5854 7.433333333333334
5854 5364 16.136333333333333
5364 5854 16.136333333333333
5854 5778 17.753
5778 5854 17.753
7348 696 6.843373493975903
696 7348 6.843373493975903
7348 1864 7.698795180722891
1864 7348 7.698795180722891
7348 5778 2.55421686746988
5778 7348 2.55421686746988
7348 7234 9.95
7234 7348 9.95
7348 7282 9.416666666666666
7282 7348 9.416666666666666
7348 7365 13.241666666666667
7365 7348 13.241666666666667
26 1013 4.208333333333333
1013 26 4.208333333333333
26 4105 6.866666666666666
4105 26 6.866666666666666
26 5273 10.61
5273 26 10.61
1013 491 13.72
491 1013 13.72
1013 3603 12.59
3603 1013 12.59
1013 4128 4.866666666666667
4128 1013 4.866666666666667
1013 5273 13.32
5273 1013 13.32
4105 1962 12.71
1962 4105 12.71
4105 2515 13.96
2515 4105 13.96
27 2917 18.022
2917 27 18.022
27 4103 9.028
4103 27 9.028
2917 348 12.8
348 2917 12.8
2917 3899 13.692
3899 2917 13.692
4103 860 5.05
860 4103 5.05
4103 6122 10.61
6122 4103 10.61
28 234 22.072
234 28 22.072
28 1519 11.639
1519 28 11.639
234 98 13.651
98 234 13.651
1519 2318 23.024
2318 1519 23.024
29 1581 8.623
1581 29 8.623
1581 4244 27.258333333333333
4244 1581 27.258333333333333
30 3601 6.466666666666667
3601 30 6.466666666666667
30 5526 14.795
5526 30 14.795
30 6287 9.6
6287 30 9.6
3601 4532 3.25
4532 3601 3.25
5526 5430 20.101
5430 5526 20.101
5526 6287 24.503
6287 5526 24.503
31 1708 12.86
1708 31 12.86
31 2192 10.4
2192 31 10.4
1708 2108 11.12
2108 1708 11.12
1708 4463 13.14
4463 1708 13.14
1708 4915 11.72
4915 1708 11.72
2192 1196 13.81
1196 2192 13.81
32 1432 12.39
1432 32 12.39
32 3930 13.46
3930 32 13.46
32 5203 12.71
5203 32 12.71
1432 600 10.35
600 1432 10.35
1432 1960 11.982
1960 1432 11.982
1432 2307 8.032
2307 1432 8.032
1432 2950 9.866666666666667
2950 1432 9.866666666666667
1432 3607 13.182
3607 1432 13.182
3930 1507 11.24
1507 3930 11.24
3930 3003 13.96
3003 3930 13.96
5203 3383 12.78
3383 5203 12.78
33 318 4.966666666666667
318 33 4.966666666666667
33 920 9.2
920 33 9.2
33 3186 4.083333333333333
3186 33 4.083333333333333
33 4887 8.421
4887 33 8.421
318 3044 13.9
3044 318 13.9
318 3186 10.35
3186 318 10.35
318 5936 10.608333333333333
5936 318 10.608333333333333
920 4866 8.78
4866 920 8.78
920 6269 5.058333333333334
6269 920 5.058333333333334
920 6410 5.083333333333333
6410 920 5.083333333333333
3186 4481 19.183333333333334
4481 3186 19.183333333333334
3186 5379 20.616666666666667
5379 3186 20.616666666666667
3186 6183 9.816666666666666
6183 3186 9.816666666666666
3186 6410 14.516666666666666
6410 3186 14.516666666666666
3186 7041 11.43
7041 3186 11.43
4887 5589 16.376
5589 4887 16.376
34 6015 9.123
6015 34 9.123
34 6108 8.339
6108 34 8.339
34 6907 3.8333333333333335
6907 34 3.8333333333333335
6015 6110 9.733333333333333
6110 6015 9.733333333333333
6015 6818 8.45
6818 6015 8.45
6108 204 6.516666666666667
204 6108 6.516666666666667
6108 4254 5.666666666666667
4254 6108 5.666666666666667
6108 5061 13.47
5061 6108 13.47
6108 5588 13.44
5588 6108 13.44
6907 1876 5.15
1876 6907 5.15
35 581 6.191666666666666
581 35 6.191666666666666
35 1832 8.533333333333333
1832 35 8.533333333333333
35 3109 4.0
3109 35 4.0
35 3192 13.1
3192 35 13.1
35 3663 3.591666666666667
3663 35 3.591666666666667
35 4725 10.86
4725 35 10.86
35 6995 4.875
6995 35 4.875
581 4725 4.116666666666666
4725 581 4.116666666666666
581 6562 5.133333333333334
6562 581 5.133333333333334
581 6995 5.666666666666667
6995 581 5.666666666666667
581 7450 6.771084337349397
7450 581 6.771084337349397
1832 885 3.8333333333333335
885 1832 3.8333333333333335
1832 2293 16.758333333333333
2293 1832 16.758333333333333
1832 2468 9.133333333333333
2468 1832 9.133333333333333
1832 2568 3.466666666666667
2568 1832 3.466666666666667
1832 3142 5.008333333333333
3142 1832 5.008333333333333
1832 3192 11.4
3192 1832 11.4
1832 3663 7.908333333333333
3663 1832 7.908333333333333
1832 4196 4.766666666666667
4196 1832 4.766666666666667
1832 5018 11.51
5018 1832 11.51
1832 5809 6.883333333333334
5809 1832 6.883333333333334
3109 1111 3.4166666666666665
1111 3109 3.4166666666666665
3109 3192 8.0
3192 3109 8.0
3109 4308 3.8833333333333337
4308 3109 3.8833333333333337
3109 5566 12.07
5566 3109 12.07
3192 2855 12.335
2855 3192 12.335
3192 3663 6.75
3663 3192 6.75
3192 4725 10.233333333333333
4725 3192 10.233333333333333
3663 2568 7.8916666666666675
2568 3663 7.8916666666666675
3663 2855 4.633333333333333
2855 3663 4.633333333333333
3663 3142 4.133333333333334
3142 3663 4.133333333333334
3663 4196 7.475
4196 3663 7.475
3663 4355 4.883333333333334
4355 3663 4.883333333333334
3663 5018 12.06
5018 3663 12.06
4725 1036 9.166666666666666
1036 4725 9.166666666666666
4725 6995 4.583333333333333
6995 4725 4.583333333333333
4725 7450 7.409638554216867
7450 4725 7.409638554216867
6995 568 13.95
568 6995 13.95
6995 589 8.583333333333334
589 6995 8.583333333333334
6995 628 3.6666666666666665
628 6995 3.6666666666666665
6995 3167 5.25
3167 6995 5.25
6995 3275 3.675
3275 6995 3.675
6995 4182 5.050000000000001
4182 6995 5.050000000000001
6995 5482 12.69
5482 6995 12.69
6995 5547 5.333333333333334
5547 6995 5.333333333333334
6995 6251 16.700000000000003
6251 6995 16.700000000000003
6995 6562 5.041666666666667
6562 6995 5.041666666666667
36 1819 55.53333333333333
1819 36 55.53333333333333
36 4611 60.43333333333333
4611 36 60.43333333333333
1819 1500 5.716666666666667
1500 1819 5.716666666666667
4611 1500 10.73
1500 4611 10.73
4611 4756 18.461
4756 4611 18.461
37 3807 10.34
3807 37 10.34
37 4271 13.54
4271 37 13.54
37 4518 12.533333333333331
4518 37 12.533333333333331
37 5270 11.51
5270 37 11.51
37 6553 3.35
6553 37 3.35
3807 1871 3.608333333333333
1871 3807 3.608333333333333
3807 1933 11.06
1933 3807 11.06
3807 4518 6.033333333333333
4518 3807 6.033333333333333
4271 5240 11.08
5240 4271 11.08
4271 5376 10.52
5376 4271 10.52
4518 5240 10.36
5240 4518 10.36
4518 5640 11.79
5640 4518 11.79
4518 6182 12.941
6182 4518 12.941
5270 222 4.291666666666667
222 5270 4.291666666666667
5270 237 13.3
237 5270 13.3
5270 511 5.751
511 5270 5.751
5270 3469 11.59
3469 5270 11.59
5270 3526 4.983333333333333
3526 5270 4.983333333333333
6553 2296 11.5
2296 6553 11.5
6553 4147 5.358333333333333
4147 6553 5.358333333333333
38 4572 16.795333333333335
4572 38 16.795333333333335
38 5978 15.1675
5978 38 15.1675
4572 217 16.210333333333335
217 4572 16.210333333333335
5978 3905 22.02962962962963
3905 5978 22.02962962962963
39 258 4.3
258 39 4.3
39 2475 11.78
2475 39 11.78
39 5668 6.916666666666667
5668 39 6.916666666666667
39 7311 4.843373493975903
7311 39 4.843373493975903
258 299 3.866666666666666
299 258 3.866666666666666
258 5814 5.766666666666667
5814 258 5.766666666666667
258 6151 6.136
6151 258 6.136
258 7311 4.759036144578313
7311 258 4.759036144578313
2475 2530 11.97
2530 2475 11.97
2475 2861 8.691666666666666
2861 2475 8.691666666666666
2475 3661 7.75
3661 2475 7.75
2475 5080 11.26
5080 2475 11.26
2475 5720 7.516666666666667
5720 2475 7.516666666666667
5668 5194 5.966666666666667
5194 5668 5.966666666666667
5668 7311 3.3855421686746987
7311 5668 3.3855421686746987
7311 2562 9.795180722891564
2562 7311 9.795180722891564
7311 4825 9.542168674698797
4825 7311 9.542168674698797
7311 5194 6.554216867469879
5194 7311 6.554216867469879
7311 5720 9.457831325301203
5720 7311 9.457831325301203
7311 6151 6.349397590361446
6151 7311 6.349397590361446
7311 7345 6.266666666666667
7345 7311 6.266666666666667
7311 7410 6.616666666666666
7410 7311 6.616666666666666
40 2872 13.66
2872 40 13.66
2872 783 12.983333333333333
783 2872 12.983333333333333
2872 1841 13.59
1841 2872 13.59
2872 3484 11.433333333333334
3484 2872 11.433333333333334
41 2175 19.958
2175 41 19.958
41 5174 3.683333333333333
5174 41 3.683333333333333
2175 58 3.5166666666666666
58 2175 3.5166666666666666
2175 554 3.25
554 2175 3.25
2175 2813 15.465
2813 2175 15.465
2175 3176 5.7
3176 2175 5.7
2175 6052 11.01
6052 2175 11.01
2175 6351 15.1
6351 2175 15.1
2175 7253 9.50602409638554
7253 2175 9.50602409638554
5174 1548 12.3
1548 5174 12.3
5174 2209 3.616666666666666
2209 5174 3.616666666666666
5174 4609 10.416
4609 5174 10.416
5174 4845 10.65
4845 5174 10.65
42 681 6.933333333333334
681 42 6.933333333333334
42 4387 5.183333333333334
4387 42 5.183333333333334
42 7344 5.253012048192771
7344 42 5.253012048192771
42 7351 7.096385542168675
7351 42 7.096385542168675
681 1511 9.416666666666666
1511 681 9.416666666666666
681 2488 22.383333333333333
2488 681 22.383333333333333
681 5973 12.782
5973 681 12.782
681 7351 8.518072289156626
7351 681 8.518072289156626
4387 4458 4.316666666666666
4458 4387 4.316666666666666
4387 7344 6.698795180722891
7344 4387 6.698795180722891
7344 915 9.903614457831326
915 7344 9.903614457831326
7344 2488 7.734939759036145
2488 7344 7.734939759036145
7344 4458 6.963855421686747
4458 7344 6.963855421686747
7344 5837 5.072289156626506
5837 7344 5.072289156626506
7344 6117 9.566265060240964
6117 7344 9.566265060240964
7344 7351 5.5
7351 7344 5.5
7344 7375 5.5
7375 7344 5.5
7351 586 2.5060240963855422
586 7351 2.5060240963855422
7351 1511 1.4216867469879515
1511 7351 1.4216867469879515
7351 2488 9.120481927710845
2488 7351 9.120481927710845
7351 5973 3.759036144578314
5973 7351 3.759036144578314
7351 7411 5.5
7411 7351 5.5
43 198 4.75
198 43 4.75
43 2609 7.566666666666666
2609 43 7.566666666666666
43 3555 3.933333333333333
3555 43 3.933333333333333
43 4653 10.02
4653 43 10.02
198 2563 15.7
2563 198 15.7
198 4222 10.5
4222 198 10.5
2609 478 3.9
478 2609 3.9
2609 2557 4.45
2557 2609 4.45
2609 4402 21.725
4402 2609 21.725
3555 6011 4.733333333333333
6011 3555 4.733333333333333
45 7092 10.03
7092 45 10.03
45 7113 12.16
7113 45 12.16
7092 1055 13.55
1055 7092 13.55
7092 6101 11.13
6101 7092 11.13
7113 166 12.09
166 7113 12.09
7113 1419 5.156
1419 7113 5.156
46 804 4.891666666666667
804 46 4.891666666666667
46 3889 13.483333333333334
3889 46 13.483333333333334
46 5480 12.11
5480 46 12.11
46 6602 5.625
6602 46 5.625
46 7413 8.180722891566266
7413 46 8.180722891566266
804 2459 7.209
2459 804 7.209
804 2666 6.7
2666 804 6.7
3889 349 12.54
349 3889 12.54
3889 2666 11.79
2666 3889 11.79
3889 6850 4.066666666666666
6850 3889 4.066666666666666
5480 342 4.75
342 5480 4.75
5480 4854 11.71
4854 5480 11.71
6602 1721 7.858
1721 6602 7.858
6602 5210 13.75
5210 6602 13.75
7413 2666 1.216867469879518
2666 7413 1.216867469879518
7413 7264 8.408333333333333
7264 7413 8.408333333333333
7413 7461 7.741666666666667
7461 7413 7.741666666666667
47 1856 4.541666666666666
1856 47 4.541666666666666
47 3957 5.108333333333333
3957 47 5.108333333333333
1856 3957 4.166666666666667
3957 1856 4.166666666666667
1856 6958 6.141666666666667
6958 1856 6.141666666666667
3957 3090 3.933333333333333
3090 3957 3.933333333333333
48 2331 3.716666666666667
2331 48 3.716666666666667
48 6070 6.766666666666667
6070 48 6.766666666666667
2331 6961 8.91
6961 2331 8.91
6070 2510 5.816666666666666
2510 6070 5.816666666666666
6070 3837 4.291666666666667
3837 6070 4.291666666666667
6070 4033 13.05
4033 6070 13.05
6070 5606 12.01
5606 6070 12.01
6070 6171 6.05
6171 6070 6.05
49 2869 11.85
2869 49 11.85
49 4092 10.12
4092 49 10.12
49 4094 13.78
4094 49 13.78
49 4117 17.25
4117 49 17.25
49 5108 6.866666666666666
5108 49 6.866666666666666
49 7016 10.77
7016 49 10.77
2869 3668 13.16
3668 2869 13.16
2869 4214 4.391666666666667
4214 2869 4.391666666666667
2869 4826 4.9
4826 2869 4.9
2869 5278 12.55
5278 2869 12.55
2869 7016 10.5
7016 2869 10.5
4092 1465 5.550000000000001
1465 4092 5.550000000000001
4092 3491 3.15
3491 4092 3.15
4092 3736 4.75
3736 4092 4.75
4092 4117 6.566666666666666
4117 4092 6.566666666666666
4092 5108 6.25
5108 4092 6.25
4094 3736 5.05
3736 4094 5.05
4094 3888 4.583333333333333
3888 4094 4.583333333333333
4094 4117 13.19
4117 4094 13.19
4094 5078 4.05
5078 4094 4.05
4117 395 7.216666666666667
395 4117 7.216666666666667
4117 3736 11.88
3736 4117 11.88
4117 5912 13.95
5912 4117 13.95
5108 929 4.133333333333334
929 5108 4.133333333333334
7016 171 4.225
171 7016 4.225
7016 3752 5.416666666666667
3752 7016 5.416666666666667
7016 3961 10.29
3961 7016 10.29
7016 4100 4.208333333333334
4100 7016 4.208333333333334
7016 4214 4.325
4214 7016 4.325
7016 4826 12.93
4826 7016 12.93
7016 7339 9.216867469879515
7339 7016 9.216867469879515
50 3620 4.622
3620 50 4.622
3620 3314 7.358333333333333
3314 3620 7.358333333333333
3620 5450 7.85
5450 3620 7.85
3620 5507 13.95
5507 3620 13.95
3620 6024 15.075
6024 3620 15.075
3620 6142 10.24
6142 3620 10.24
3620 6752 3.1166666666666667
6752 3620 3.1166666666666667
51 3721 4.133333333333333
3721 51 4.133333333333333
51 7040 3.3
7040 51 3.3
3721 6877 4.825
6877 3721 4.825
3721 7040 11.34
7040 3721 11.34
7040 878 4.65
878 7040 4.65
52 2000 14.853
2000 52 14.853
52 3085 4.133333333333334
3085 52 4.133333333333334
52 4164 3.5
4164 52 3.5
52 5001 3.283333333333333
5001 52 3.283333333333333
52 5595 3.375
5595 52 3.375
2000 3085 8.667
3085 2000 8.667
3085 674 19.769
674 3085 19.769
3085 841 4.833333333333333
841 3085 4.833333333333333
3085 5244 14.245
5244 3085 14.245
4164 2632 3.3666666666666663
2632 4164 3.3666666666666663
5001 1978 6.066666666666666
1978 5001 6.066666666666666
5595 1870 3.9
1870 5595 3.9
5595 4592 12.87
4592 5595 12.87
5595 5307 3.775
5307 5595 3.775
5595 5804 12.34
5804 5595 12.34
53 1780 17.389
1780 53 17.389
53 5582 20.82
5582 53 20.82
1780 4270 5.692
4270 1780 5.692
5582 3815 5.371
3815 5582 5.371
5582 4171 3.23
4171 5582 3.23
5582 4759 3.253
4759 5582 3.253
54 580 5.525
580 54 5.525
54 2247 4.6
2247 54 4.6
54 3719 12.96
3719 54 12.96
54 4134 5.816666666666666
4134 54 5.816666666666666
580 660 10.52
660 580 10.52
580 1536 5.35
1536 580 5.35
580 3075 5.783333333333333
3075 580 5.783333333333333
580 4181 12.88
4181 580 12.88
580 4989 3.666666666666667
4989 580 3.666666666666667
580 5125 8.133333333333333
5125 580 8.133333333333333
580 5991 3.908333333333333
5991 580 3.908333333333333
2247 837 10.11
837 2247 10.11
2247 5007 5.775
5007 2247 5.775
2247 5125 13.88
5125 2247 13.88
2247 5683 4.191666666666666
5683 2247 4.191666666666666
2247 6671 4.133333333333333
6671 2247 4.133333333333333
3719 660 3.5166666666666666
660 3719 3.5166666666666666
3719 750 6.658333333333333
750 3719 6.658333333333333
3719 2511 8.383333333333333
2511 3719 8.383333333333333
3719 3711 8.241666666666667
3711 3719 8.241666666666667
3719 5007 4.958333333333333
5007 3719 4.958333333333333
3719 6671 5.65
6671 3719 5.65
4134 3075 13.61
3075 4134 13.61
55 1074 4.183333333333334
1074 55 4.183333333333334
55 4863 4.733333333333333
4863 55 4.733333333333333
55 7298 9.759036144578314
7298 55 9.759036144578314
1074 229 5.483333333333333
229 1074 5.483333333333333
1074 2354 5.65
2354 1074 5.65
1074 4534 3.916666666666667
4534 1074 3.916666666666667
1074 5686 11.77
5686 1074 11.77
1074 5905 4.4
5905 1074 4.4
1074 6094 3.958333333333333
6094 1074 3.958333333333333
4863 58 12.008333333333333
58 4863 12.008333333333333
4863 507 4.383333333333333
507 4863 4.383333333333333
4863 601 17.725
601 4863 17.725
4863 1113 5.15
1113 4863 5.15
4863 4115 4.75
4115 4863 4.75
4863 4404 7.025
4404 4863 7.025
4863 4534 3.95
4534 4863 3.95
4863 4836 5.733333333333333
4836 4863 5.733333333333333
4863 5069 5.183333333333334
5069 4863 5.183333333333334
4863 5572 16.083333333333332
5572 4863 16.083333333333332
4863 5905 4.5
5905 4863 4.5
4863 6106 8.491666666666667
6106 4863 8.491666666666667
4863 6909 4.541666666666666
6909 4863 4.541666666666666
4863 7015 5.491666666666667
7015 4863 5.491666666666667
7298 712 7.771084337349397
712 7298 7.771084337349397
7298 2212 1.5301204819277108
2212 7298 1.5301204819277108
7298 2893 9.19277108433735
2893 7298 9.19277108433735
7298 3681 3.602409638554217
3681 7298 3.602409638554217
7298 5905 9.867469879518072
5905 7298 9.867469879518072
7298 7265 7.466666666666667
7265 7298 7.466666666666667
7298 7290 7.066666666666666
7290 7298 7.066666666666666
56 4138 13.71
4138 56 13.71
56 6162 13.21
6162 56 13.21
4138 943 13.86
943 4138 13.86
6162 3367 10.41
3367 6162 10.41
57 2913 8.393
2913 57 8.393
57 5484 7.36
5484 57 7.36
2913 4587 11.522
4587 2913 11.522
5484 2470 9.117
2470 5484 9.117
58 1320 33.06666666666667
1320 58 33.06666666666667
58 1418 31.708333333333336
1418 58 31.708333333333336
58 1562 4.033333333333333
1562 58 4.033333333333333
58 2393 7.133333333333333
2393 58 7.133333333333333
58 3370 22.37038805970149
3370 58 22.37038805970149
58 4297 13.05
4297 58 13.05
58 4820 27.633333333333333
4820 58 27.633333333333333
58 4932 5.4
4932 58 5.4
58 5368 5.425000000000001
5368 58 5.425000000000001
58 5529 21.558333333333334
5529 58 21.558333333333334
58 5857 9.6
5857 58 9.6
58 7253 8.457831325301205
7253 58 8.457831325301205
1320 166 11.95
166 1320 11.95
1320 1562 57.4
1562 1320 57.4
1320 3597 4.133333333333333
3597 1320 4.133333333333333
1320 4433 11.58
4433 1320 11.58
1320 5368 11.25
5368 1320 11.25
1320 5491 7.3
5491 1320 7.3
1320 5637 18.589
5637 1320 18.589
1320 6530 5.141666666666667
6530 1320 5.141666666666667
1418 1728 14.983333333333333
1728 1418 14.983333333333333
1418 3883 7.35
3883 1418 7.35
1418 3980 7.0
3980 1418 7.0
1418 5500 20.038
5500 1418 20.038
1418 7231 8.397590361445783
7231 1418 8.397590361445783
1562 3340 6.666666666666667
3340 1562 6.666666666666667
1562 4152 6.725
4152 1562 6.725
1562 4297 14.416666666666666
4297 1562 14.416666666666666
1562 4820 28.675
4820 1562 28.675
1562 4874 11.39
4874 1562 11.39
1562 4932 5.25
4932 1562 5.25
1562 5358 3.325
5358 1562 3.325
1562 5489 4.666666666666666
5489 1562 4.666666666666666
1562 5857 12.033333333333331
5857 1562 12.033333333333331
1562 6351 14.933333333333334
6351 1562 14.933333333333334
1562 6717 23.079
6717 1562 23.079
1562 6768 6.35
6768 1562 6.35
1562 7253 6.445783132530121
7253 1562 6.445783132530121
2393 1006 3.593
1006 2393 3.593
2393 5308 11.45
5308 2393 11.45
2393 6135 6.4
6135 2393 6.4
2393 6590 6.283333333333333
6590 2393 6.283333333333333
2393 7305 8.819277108433734
7305 2393 8.819277108433734
3370 3320 18.564
3320 3370 18.564
4297 101 7.066666666666666
101 4297 7.066666666666666
4297 504 5.941666666666666
504 4297 5.941666666666666
4297 2709 4.55
2709 4297 4.55
4297 4960 4.983333333333333
4960 4297 4.983333333333333
4297 5790 6.35
5790 4297 6.35
4297 5857 7.283333333333333
5857 4297 7.283333333333333
4297 6467 4.908333333333333
6467 4297 4.908333333333333
4820 425 12.6
425 4820 12.6
4820 3823 10.3
3823 4820 10.3
4820 4861 5.15
4861 4820 5.15
4932 1006 20.875
1006 4932 20.875
4932 1253 5.466666666666667
1253 4932 5.466666666666667
4932 2333 8.212
2333 4932 8.212
4932 4152 3.933333333333333
4152 4932 3.933333333333333
4932 6351 13.15
6351 4932 13.15
4932 7253 8.44578313253012
7253 4932 8.44578313253012
5368 2196 32.391666666666666
2196 5368 32.391666666666666
5529 788 10.044
788 5529 10.044
5529 1658 7.033333333333333
1658 5529 7.033333333333333
5529 3363 21.345185185185183
3363 5529 21.345185185185183
5857 1583 16.383333333333333
1583 5857 16.383333333333333
5857 1754 10.72
1754 5857 10.72
5857 1974 8.425
1974 5857 8.425
5857 1991 15.841666666666663
1991 5857 15.841666666666663
5857 3055 10.5
3055 5857 10.5
5857 4460 6.666666666666667
4460 5857 6.666666666666667
5857 5680 11.55
5680 5857 11.55
5857 5822 5.841666666666667
5822 5857 5.841666666666667
5857 6351 10.55
6351 5857 10.55
7253 2637 5.807228915662651
2637 7253 5.807228915662651
7253 4663 8.614457831325302
4663 7253 8.614457831325302
7253 4920 8.578313253012048
4920 7253 8.578313253012048
7253 6351 4.554216867469879
6351 7253 4.554216867469879
7253 7304 5.5
7304 7253 5.5
7253 7305 6.85
7305 7253 6.85
7253 7318 5.5
7318 7253 5.5
7253 7431 8.208333333333332
7431 7253 8.208333333333332
59 2784 10.866666666666667
2784 59 10.866666666666667
2784 6936 7.333333333333333
6936 2784 7.333333333333333
60 164 20.1437037037037
164 60 20.1437037037037
60 7000 17.031333333333333
7000 60 17.031333333333333
164 527 13.3
527 164 13.3
164 4412 18.979
4412 164 18.979
7000 567 15.367
567 7000 15.367
61 649 5.55
649 61 5.55
61 845 11.633333333333333
845 61 11.633333333333333
61 1068 11.76
1068 61 11.76
61 1920 3.5166666666666666
1920 61 3.5166666666666666
61 1976 5.8
1976 61 5.8
61 3348 12.816666666666666
3348 61 12.816666666666666
61 5049 4.816666666666666
5049 61 4.816666666666666
61 7301 0.4578313253012048
7301 61 0.4578313253012048
649 1920 11.27
1920 649 11.27
649 2298 8.116666666666667
2298 649 8.116666666666667
649 5049 4.166666666666667
5049 649 4.166666666666667
845 1976 5.308333333333334
1976 845 5.308333333333334
845 7301 1.5180722891566265
7301 845 1.5180722891566265
1068 7301 5.686746987951807
7301 1068 5.686746987951807
1920 5049 4.641666666666667
5049 1920 4.641666666666667
1920 6680 4.641666666666667
6680 1920 4.641666666666667
1920 7301 6.457831325301205
7301 1920 6.457831325301205
1976 3568 13.13
3568 1976 13.13
1976 4024 12.67
4024 1976 12.67
1976 4959 10.03
4959 1976 10.03
1976 5049 13.64
5049 1976 13.64
1976 5216 13.56
5216 1976 13.56
1976 5498 4.416666666666666
5498 1976 4.416666666666666
3348 7301 3.55421686746988
7301 3348 3.55421686746988
5049 5182 4.958333333333334
5182 5049 4.958333333333334
5049 5544 13.22
5544 5049 13.22
5049 7301 7.325301204819277
7301 5049 7.325301204819277
7301 7216 5.5
7216 7301 5.5
7301 7233 5.5
7233 7301 5.5
62 1093 11.147
1093 62 11.147
62 4000 10.141
4000 62 10.141
62 4300 5.641666666666667
4300 62 5.641666666666667
62 7355 5.385542168674699
7355 62 5.385542168674699
1093 1759 7.657
1759 1093 7.657
4000 6413 10.72
6413 4000 10.72
4000 7355 8.506024096385541
7355 4000 8.506024096385541
4300 1359 4.358333333333333
1359 4300 4.358333333333333
4300 6716 10.89
6716 4300 10.89
4300 6729 12.67
6729 4300 12.67
4300 7355 8.927710843373495
7355 4300 8.927710843373495
7355 1759 8.506024096385541
1759 7355 8.506024096385541
7355 7282 10.366666666666667
7282 7355 10.366666666666667
7355 7353 8.575
7353 7355 8.575
63 546 14.2882
546 63 14.2882
63 5538 19.393
5538 63 19.393
546 2621 15.566
2621 546 15.566
5538 1370 9.356
1370 5538 9.356
64 1493 4.083333333333333
1493 64 4.083333333333333
64 1675 3.5
1675 64 3.5
1493 774 5.1
774 1493 5.1
1493 1745 11.45
1745 1493 11.45
1493 2788 4.783333333333333
2788 1493 4.783333333333333
1493 4990 5.833333333333333
4990 1493 5.833333333333333
1493 5585 4.75
5585 1493 4.75
1493 5989 10.95
5989 1493 10.95
1675 774 7.133333333333334
774 1675 7.133333333333334
1675 1745 10.48
1745 1675 10.48
1675 3069 3.325
3069 1675 3.325
1675 4370 3.7
4370 1675 3.7
1675 4990 7.683333333333334
4990 1675 7.683333333333334
1675 5336 4.133333333333334
5336 1675 4.133333333333334
1675 5989 4.1
5989 1675 4.1
1675 6089 18.406
6089 1675 18.406
1675 6216 3.8083333333333336
6216 1675 3.8083333333333336
1675 6586 10.475
6586 1675 10.475
1675 7389 8.891566265060241
7389 1675 8.891566265060241
65 1786 11.58
1786 65 11.58
65 6300 11.16
6300 65 11.16
1786 118 4.425000000000001
118 1786 4.425000000000001
6300 5123 12.48
5123 6300 12.48
66 436 10.39
436 66 10.39
66 1369 5.158333333333333
1369 66 5.158333333333333
66 2589 6.133333333333334
2589 66 6.133333333333334
66 3069 4.4
3069 66 4.4
66 4370 3.9166666666666665
4370 66 3.9166666666666665
66 6586 13.633333333333333
6586 66 13.633333333333333
436 1425 3.95
1425 436 3.95
436 2589 5.108333333333333
2589 436 5.108333333333333
1369 1037 4.483333333333333
1037 1369 4.483333333333333
1369 1065 5.216666666666667
1065 1369 5.216666666666667
1369 1425 11.566666666666666
1425 1369 11.566666666666666
1369 4509 6.65
4509 1369 6.65
1369 5695 4.85
5695 1369 4.85
2589 1425 6.483333333333333
1425 2589 6.483333333333333
2589 1913 13.37
1913 2589 13.37
2589 2663 5.05
2663 2589 5.05
2589 2691 7.425
2691 2589 7.425
2589 5045 5.208333333333334
5045 2589 5.208333333333334
3069 338 10.28
338 3069 10.28
3069 6216 9.358333333333334
6216 3069 9.358333333333334
3069 7123 10.3
7123 3069 10.3
3069 7389 7.662650602409639
7389 3069 7.662650602409639
4370 5989 3.966666666666667
5989 4370 3.966666666666667
4370 6216 14.288
6216 4370 14.288
6586 721 10.74
721 6586 10.74
6586 3099 5.933333333333334
3099 6586 5.933333333333334
6586 6216 6.366666666666666
6216 6586 6.366666666666666
6586 7123 11.01
7123 6586 11.01
67 4467 3.4166666666666665
4467 67 3.4166666666666665
67 4693 9.233
4693 67 9.233
4467 4179 11.98
4179 4467 11.98
4693 3607 9.546
3607 4693 9.546
68 79 5.6083333333333325
79 68 5.6083333333333325
68 3092 6.15
3092 68 6.15
68 5676 13.35
5676 68 13.35
68 6662 4.833333333333333
6662 68 4.833333333333333
68 6787 10.14
6787 68 10.14
68 7074 9.866666666666667
7074 68 9.866666666666667
68 7250 8.421686746987952
7250 68 8.421686746987952
79 780 11.645
780 79 11.645
79 4490 4.966666666666667
4490 79 4.966666666666667
79 7063 6.516666666666667
7063 79 6.516666666666667
79 7192 4.313253012048193
7192 79 4.313253012048193
79 7263 6.783132530120482
7263 79 6.783132530120482
3092 988 6.0
988 3092 6.0
3092 1022 4.6
1022 3092 4.6
3092 3841 12.58
3841 3092 12.58
3092 6127 13.55
6127 3092 13.55
3092 6662 45.06666666666666
6662 3092 45.06666666666666
5676 3883 3.716666666666667
3883 5676 3.716666666666667
5676 4490 12.366666666666667
4490 5676 12.366666666666667
5676 5633 4.25
5633 5676 4.25
5676 7192 8.759036144578314
7192 5676 8.759036144578314
6662 2093 5.95
2093 6662 5.95
6662 5133 4.808333333333334
5133 6662 4.808333333333334
6662 6787 4.4
6787 6662 4.4
6787 2874 3.866666666666666
2874 6787 3.866666666666666
7074 310 12.733333333333333
310 7074 12.733333333333333
7074 7250 4.132530120481928
7250 7074 4.132530120481928
7074 7361 5.9397590361445785
7361 7074 5.9397590361445785
7250 310 5.783132530120482
310 7250 5.783132530120482
7250 530 3.240963855421686
530 7250 3.240963855421686
7250 1728 7.481927710843373
1728 7250 7.481927710843373
7250 2874 8.120481927710843
2874 7250 8.120481927710843
7250 3883 9.204819277108436
3883 7250 9.204819277108436
7250 6387 6.349397590361446
6387 7250 6.349397590361446
7250 7299 6.166666666666667
7299 7250 6.166666666666667
7250 7321 7.133333333333333
7321 7250 7.133333333333333
69 860 27.19166666666667
860 69 27.19166666666667
69 2413 3.625
2413 69 3.625
69 2436 3.25
2436 69 3.25
69 2707 6.7
2707 69 6.7
69 3291 5.975
3291 69 5.975
69 5065 6.166666666666667
5065 69 6.166666666666667
69 5605 11.516666666666667
5605 69 11.516666666666667
69 5758 10.216666666666669
5758 69 10.216666666666669
860 1694 5.041666666666666
1694 860 5.041666666666666
